2	-1.551177	0.928936	3.443670
3	0.606178	-7.927122	16.707839
4	3.739691	-1.628371	10.785544
5	-1.813630	0.725664	3.458924
8	4.447786	-6.237764	17.190227
9	-4.486921	-6.486097	15.068062
10	-2.049974	0.785433	3.218095
11	-5.788196	-6.181022	14.589969
12	-0.509331	-1.512311	12.191728
13	-1.559762	-1.915794	12.652228
15	10.066532	-5.793931	19.930405
16	10.265059	-13.066474	24.277950
19	14.409859	-14.204951	24.863994
20	-5.145922	-2.703554	15.257590
21	1.062130	-4.796748	13.841401
24	-6.393995	-8.318381	16.280940
25	-0.535339	-4.331197	15.669757
27	0.304868	-2.040999	12.431213
28	25.488965	-11.780027	29.847172
30	-1.606550	-7.639727	17.466391
31	-0.992055	0.981235	3.875139
32	-7.582550	-7.978426	15.702628
33	-3.138364	-2.793887	13.446442
34	-1.907593	1.082105	3.117270
36	-2.575371	0.134397	3.814580
37	4.596062	-1.014806	10.005600
39	-2.308492	0.482209	3.683233
41	2.320773	-4.815697	15.833345
42	6.554154	-11.053184	24.073837
43	-0.789419	-0.544814	13.671614
44	20.193293	-10.338422	27.867696
47	9.318787	-8.960969	23.979794
49	-0.970691	0.659321	4.081504
51	6.809186	-13.094268	23.674386
52	-3.151256	-0.784297	6.891931
53	7.911773	-1.163153	9.362170
54	0.979419	-3.538731	14.950792
56	-1.431671	0.748754	3.708319
57	-0.051262	-5.617935	14.187788
58	26.715072	-9.777695	29.110898
59	-1.840972	0.053781	4.094784
61	-2.263285	1.008354	3.006916
62	-1.634269	0.555490	3.721102
63	-1.277724	0.277533	3.869385
64	3.157145	0.444894	4.262458
65	16.015679	-12.241158	25.488283
67	-1.580392	1.144384	3.274889
68	0.143449	0.838590	3.104739
69	23.509258	-7.533032	29.349637
70	1.519285	0.914431	3.192704
71	-1.962434	-0.493762	6.292720
73	-2.908541	-1.099416	14.081037
74	17.337132	-15.002341	25.719207
76	-1.253751	-4.121312	12.213730
77	3.366776	-4.441708	15.811902
78	2.606529	0.441778	4.380801
80	-8.841159	-6.117964	13.233871
82	-2.547139	0.470904	3.344665
83	2.205467	-3.208724	16.286640
85	-2.083738	0.345565	3.849368
88	6.774747	-5.447195	18.753292
89	2.457359	-5.955856	15.336515
90	-9.056055	-7.891273	16.071733
92	-2.220751	0.044256	4.102441
93	-9.984978	-3.771549	16.834363
94	-2.483685	1.193544	2.857920
98	1.521690	0.163621	4.712323
99	20.261017	-12.797023	27.479579
100	-3.019771	-5.154450	18.024683
101	-7.044635	-5.619686	14.124857
103	-2.791387	0.711403	3.221908
104	0.846341	0.878755	3.028529
110	-0.830666	0.205695	6.746471
112	2.284406	0.799050	3.576397
117	-1.841483	-1.106025	13.461369
118	-2.524963	-1.972698	13.201143
120	-1.337803	-2.755522	12.732824
121	-0.990900	0.403315	5.040080
124	7.178809	-1.282090	9.809809
125	-8.217157	-4.553018	15.834814
128	-12.295397	-6.106133	15.640688
129	0.451847	-8.445193	15.179321
130	-3.747258	-5.806887	16.059537
131	-3.863612	-9.418520	17.328931
133	17.747683	-7.096189	25.297323
135	-0.495798	0.563951	5.611573
140	1.925563	1.028067	3.020046
141	-1.226720	0.965908	3.680666
142	-6.317463	-3.491055	15.064675
143	-4.018514	0.095607	4.187471
145	1.189197	0.910193	3.122064
146	0.104802	0.428089	3.301171
147	-1.362880	-9.373381	17.186061
149	0.580981	0.983082	3.022816
151	-1.799689	1.293368	3.012413
152	-2.082283	1.324499	3.003136
154	6.895966	-1.489628	11.242481
162	1.185305	1.035711	2.807430
164	-3.053833	-0.421342	4.475856
165	0.857291	1.056274	2.784188
166	2.604252	-0.057575	5.174238
168	2.855151	0.856411	3.382701
169	-2.455546	1.432201	2.862585
176	0.464394	1.091937	2.592633
181	1.357578	1.260912	2.262194
183	-0.574310	0.694734	3.355754
184	-10.743628	-9.873671	16.154203
185	-3.547456	0.006212	4.305958
191	0.786668	1.183608	2.344754
192	4.071578	0.458257	4.400887
193	18.392944	-8.145755	30.798111
194	1.348686	0.624018	3.755747
196	3.046252	1.099266	3.340401
200	-16.771356	-10.167375	19.433422
202	-1.605918	0.284204	3.966906
204	-1.217328	0.628391	3.933779
207	34.255382	-9.025146	36.755475
208	1.001387	1.469621	2.030843
209	1.093094	1.259286	2.581064
211	-2.370257	-0.286106	4.073982
222	-12.058626	-4.290186	13.835125
223	0.146958	1.263159	2.174503
224	-11.246275	-6.395300	17.851760
225	-0.917798	1.175482	2.406908
226	1.113262	1.070806	1.426546
228	1.250667	1.496841	2.071563
245	1.738640	1.545061	2.063272
249	1.559666	1.412451	2.142938
252	0.590847	1.262283	2.279226
253	-0.375925	1.062371	2.553085
256	-0.214347	1.106372	2.379586
257	0.856886	0.471100	4.474362
258	1.873671	1.149882	2.716335
261	-0.218656	0.651749	3.737086
262	1.847772	-1.168023	8.566322
263	1.792065	1.429581	3.396917
264	-0.274055	1.529077	2.182633
272	0.427596	1.164598	2.510314
273	-1.778880	1.034021	3.364423
278	-3.164541	0.132338	3.807034
283	1.378540	1.595769	1.701612
286	-2.573760	0.983268	2.934254
289	-5.155220	-5.654256	17.626555
290	-0.863462	0.995930	2.791474
300	0.766679	1.540792	1.730526
301	0.009656	1.565837	1.795178
302	-1.174376	1.221382	2.245948
304	0.152178	1.553931	1.728056
305	-0.194195	1.324076	1.018229
307	-1.673071	-0.010331	4.417358
308	-0.693952	0.317841	5.491244
314	-2.067075	0.450179	3.841654
315	1.308349	0.616872	3.728949
318	-3.883794	0.167131	4.162679
321	-0.124708	1.559479	1.862692
322	0.804703	1.684359	1.712944
324	-0.883895	1.179518	2.337505
326	0.600561	1.805119	1.689976
333	1.943804	0.082506	4.972714
334	0.736811	1.725390	1.492224
335	-0.181473	1.685103	1.562928
337	-0.098710	1.441818	2.016431
338	-1.314705	1.315588	2.183641
342	0.834430	1.772505	1.441715
343	-0.327630	1.290714	2.554884
344	0.386413	1.418683	2.083775
345	-2.222181	0.822967	3.078113
347	1.808897	1.260101	2.420362
349	-0.087861	1.633743	1.649154
351	1.188281	1.730522	1.739145
354	0.017118	1.650382	1.592133
357	0.836475	1.063221	2.732125
358	23.367237	-10.782823	27.581968
359	26.709721	-9.747315	29.137664
362	-0.630551	1.222506	2.249920
367	30.316826	-13.343789	29.723831
368	15.293413	-4.874849	24.729886
369	0.500809	1.363693	1.975867
371	0.024653	1.345410	2.066264
376	9.829039	-8.441455	22.918773
382	5.727017	-9.819049	21.404703
384	-2.269528	1.304696	3.008135
385	-4.543021	-2.666096	14.427871
386	6.611503	-1.068485	9.539341
387	7.305114	-7.884141	20.904087
388	-1.420320	-6.247219	14.967341
394	-6.416253	-3.889379	14.021797
401	-8.138463	-6.942816	14.447185
403	15.649722	-7.904885	26.147544
404	10.878818	-10.648609	22.135672
413	-1.136531	0.877805	3.786246
414	18.193246	-9.382715	25.304049
416	13.745425	-10.583336	22.301682
418	-2.322921	-0.247286	4.349956
419	-0.824511	0.305709	6.070593
421	-2.866754	-1.061320	13.266358
424	1.126640	-1.758857	12.872077
427	-1.944342	1.328218	2.973997
429	-0.934440	0.810503	4.143537
432	0.946570	-7.013242	16.139759
433	17.227991	-11.253765	24.041697
436	0.479846	-1.304564	13.567546
439	-2.466767	-1.866072	12.771513
442	-1.402733	1.199001	3.518444
443	7.960399	-10.473217	21.122227
448	-3.233191	0.142010	3.907901
450	-1.568242	1.184503	3.227569
457	0.567273	0.509382	3.790015
467	0.079692	-7.307233	14.442212
470	12.483213	-4.849041	24.759164
471	3.410829	-1.579521	10.176830
472	11.355537	-11.487441	20.129424
476	-6.314634	-1.565967	13.658978
478	8.220651	-0.011077	8.649978
483	13.899126	-12.229533	21.003290
484	-4.083571	-0.967277	12.745116
487	18.212374	-13.821216	22.353178
488	-0.342201	0.844633	6.152115
489	-2.174225	0.521734	3.510932
491	8.976008	-11.220200	19.834755
492	-1.259686	-8.188530	16.441288
495	-3.804165	-7.737171	15.250874
499	-1.061486	0.450576	4.266112
502	-4.130350	0.303198	4.306920
505	20.743764	-7.159032	25.893974
506	4.177151	-1.488454	9.958251
